  (0, 231)	0.199291723973
  (0, 292)	0.277431451902
  (0, 414)	0.277431451902
  (0, 143)	0.277431451902
  (0, 70)	0.277431451902
  (0, 87)	0.277431451902
  (0, 242)	0.238361587937
  (0, 615)	0.277431451902
  (0, 302)	0.277431451902
  (0, 86)	0.277431451902
  (0, 116)	0.277431451902
  (0, 237)	0.238361587937
  (0, 58)	0.277431451902
  (0, 592)	0.277431451902
  (0, 385)	0.351430678975
  (0, 303)	0.434811145066
  (0, 291)	0.464390836151
  (0, 604)	0.464390836151
  (0, 387)	0.506081069197
  (0, 217)	0.141322983403
  (0, 192)	0.407026994633
  (0, 609)	0.203513497316
  (0, 131)	0.203513497316
  (0, 605)	0.186748347131
  (0, 196)	0.407026994633
  (0, 147)	0.203513497316
  (0, 204)	0.203513497316
  (0, 550)	0.203513497316
  (0, 24)	0.203513497316
  (0, 340)	0.186748347131
  (0, 23)	0.203513497316
  (0, 533)	0.174853283773
  (0, 37)	0.186748347131
  (0, 430)	0.203513497316
  (0, 421)	0.203513497316
  (0, 566)	0.151714319302
  (0, 424)	0.203513497316
  (0, 64)	0.186748347131
  (0, 4)	0.203513497316
  (0, 174)	0.383100853306
  (0, 457)	0.703083108323
  (0, 175)	0.351541554162
  (0, 265)	0.383100853306
  (0, 55)	0.297590575926
  (0, 365)	0.373553983753
  (0, 170)	0.259401779942
  (0, 540)	0.373553983753
  (0, 233)	0.373553983753
  (0, 576)	0.373553983753
  (0, 318)	0.373553983753
  (0, 68)	0.342781142038
  (0, 543)	0.342781142038
  (0, 385)	0.174641927634
  (0, 218)	0.251494757718
  (0, 257)	0.251494757718
  (0, 152)	0.251494757718
  (0, 599)	0.251494757718
  (0, 612)	0.230776980079
  (0, 73)	0.216077482912
  (0, 275)	0.251494757718
  (0, 314)	0.174641927634
  (0, 223)	0.251494757718
  (0, 507)	0.195359705273
  (0, 526)	0.251494757718
  (0, 622)	0.251494757718
  (0, 505)	0.251494757718
  (0, 114)	0.251494757718
  (0, 467)	0.204675667108
  (0, 14)	0.251494757718
  (0, 425)	0.251494757718
  (0, 314)	0.506823542404
  (0, 195)	0.313536264765
  (0, 85)	0.364928015081
  (0, 496)	0.364928015081
  (0, 557)	0.3348657683
  (0, 53)	0.364928015081
  (0, 397)	0.364928015081
  (0, 400)	0.229415733871
  (0, 438)	0.229415733871
  (0, 345)	0.458831467741
  (0, 390)	0.229415733871
  (0, 348)	0.229415733871
  (0, 381)	0.229415733871
  (0, 584)	0.229415733871
  (0, 471)	0.229415733871
  (0, 95)	0.458831467741
  (0, 94)	0.229415733871
  (0, 417)	0.229415733871
  (0, 137)	0.229415733871
  (0, 219)	0.229415733871
  (0, 607)	0.23958496335
  (0, 582)	0.219848297499
  (0, 370)	0.219848297499
  (0, 149)	0.205844910224
  (0, 466)	0.23958496335
  (0, 431)	0.23958496335
  (0, 40)	0.23958496335
  (0, 418)	0.1949830392
  (0, 442)	0.23958496335
  (0, 118)	0.411689820449
  (0, 93)	0.148471983797
  (0, 6)	0.23958496335
  (0, 124)	0.23958496335
  (0, 299)	0.23958496335
  (0, 580)	0.23958496335
  (0, 13)	0.23958496335
  (0, 268)	0.23958496335
  (0, 217)	0.326376427452
  (0, 93)	0.145631111031
  (0, 353)	0.403812520173
  (0, 12)	0.235000728802
  (0, 358)	0.215641705622
  (0, 191)	0.235000728802
  (0, 569)	0.470001457605
  (0, 306)	0.235000728802
  (0, 127)	0.235000728802
  (0, 354)	0.235000728802
  (0, 100)	0.235000728802
  (0, 123)	0.235000728802
  (0, 3)	0.235000728802
  (0, 170)	0.210160154559
  (0, 277)	0.197821281428
  (0, 235)	0.277711809868
  (0, 262)	0.225613017965
  (0, 493)	0.302643115939
  (0, 589)	0.246302078869
  (0, 524)	0.302643115939
  (0, 512)	0.277711809868
  (0, 61)	0.277711809868
  (0, 554)	0.260022766702
  (0, 285)	0.277711809868
  (0, 145)	0.302643115939
  (0, 190)	0.277711809868
  (0, 551)	0.277711809868
  (0, 605)	0.215421546067
  (0, 566)	0.175008420297
  (0, 64)	0.215421546067
  (0, 467)	0.191056961728
  (0, 483)	0.234760804638
  (0, 109)	0.234760804638
  (0, 103)	0.201700123744
  (0, 8)	0.234760804638
  (0, 22)	0.234760804638
  (0, 415)	0.234760804638
  (0, 146)	0.234760804638
  (0, 38)	0.234760804638
  (0, 139)	0.234760804638
  (0, 17)	0.234760804638
  (0, 33)	0.234760804638
  (0, 19)	0.215421546067
  (0, 564)	0.234760804638
  (0, 435)	0.191056961728
  (0, 259)	0.234760804638
  (0, 282)	0.234760804638
  (0, 217)	0.184783667037
  (0, 566)	0.198370623006
  (0, 612)	0.244178572835
  (0, 418)	0.216561514373
  (0, 118)	0.228625452076
  (0, 571)	0.244178572835
  (0, 597)	0.266099465354
  (0, 346)	0.266099465354
  (0, 10)	0.266099465354
  (0, 287)	0.266099465354
  (0, 34)	0.266099465354
  (0, 527)	0.266099465354
  (0, 619)	0.266099465354
  (0, 307)	0.266099465354
  (0, 412)	0.266099465354
  (0, 27)	0.266099465354
  (0, 285)	0.218208961011
  (0, 459)	0.237798457032
  (0, 444)	0.237798457032
  (0, 613)	0.237798457032
  (0, 535)	0.237798457032
  (0, 83)	0.237798457032
  (0, 420)	0.475596914064
  (0, 611)	0.218208961011
  (0, 523)	0.237798457032
  (0, 254)	0.237798457032
  (0, 241)	0.237798457032
  (0, 222)	0.237798457032
  (0, 610)	0.237798457032
  (0, 81)	0.237798457032
  (0, 548)	0.237798457032
  (0, 153)	0.707106781187
  (0, 519)	0.707106781187
  (0, 566)	0.203665380807
  (0, 623)	0.273201989903
  (0, 574)	0.273201989903
  (0, 144)	0.273201989903
  (0, 121)	0.546403979807
  (0, 591)	0.273201989903
  (0, 316)	0.273201989903
  (0, 374)	0.250696001593
  (0, 347)	0.273201989903
  (0, 271)	0.273201989903
  (0, 624)	0.273201989903
  (0, 384)	0.593178962615
  (0, 297)	0.593178962615
  (0, 593)	0.544313729959
  (0, 181)	0.379961929623
  (0, 434)	0.348661210512
  (0, 498)	0.348661210512
  (0, 366)	0.348661210512
  (0, 627)	0.309226968096
  (0, 368)	0.379961929623
  (0, 335)	0.326452996875
  (0, 602)	0.379961929623
  (0, 206)	0.326381136991
  (0, 538)	0.652762273981
  (0, 595)	0.531241903816
  (0, 202)	0.280417831333
  (0, 238)	0.326381136991
  (0, 566)	0.161430136434
  (0, 170)	0.150373337183
  (0, 19)	0.198707750823
  (0, 189)	0.433093089552
  (0, 333)	0.216546544776
  (0, 349)	0.198707750823
  (0, 232)	0.216546544776
  (0, 373)	0.216546544776
  (0, 570)	0.168212131136
  (0, 367)	0.216546544776
  (0, 529)	0.216546544776
  (0, 36)	0.433093089552
  (0, 179)	0.216546544776
  (0, 563)	0.216546544776
  (0, 458)	0.216546544776
  (0, 28)	0.216546544776
  (0, 413)	0.216546544776
  (0, 498)	0.560102595977
  (0, 366)	0.560102595977
  (0, 469)	0.610385258635
  (0, 291)	0.352141641216
  (0, 358)	0.352141641216
  (0, 234)	0.329711739171
  (0, 561)	0.383754812589
  (0, 244)	0.704283282431
  (0, 303)	0.37821459797
  (0, 398)	0.403944092485
  (0, 209)	0.37821459797
  (0, 151)	0.403944092485
  (0, 508)	0.440207778247
  (0, 130)	0.440207778247
  (0, 231)	0.179341885456
  (0, 55)	0.193934116721
  (0, 570)	0.193934116721
  (0, 48)	0.249659537671
  (0, 207)	0.429001423127
  (0, 332)	0.499319075343
  (0, 510)	0.249659537671
  (0, 325)	0.458185885658
  (0, 67)	0.249659537671
  (0, 489)	0.249659537671
  (0, 595)	0.383460615757
  (0, 203)	0.471176354361
  (0, 56)	0.471176354361
  (0, 343)	0.43236152169
  (0, 494)	0.471176354361
  (0, 277)	0.328725533156
  (0, 212)	0.251455553531
  (0, 177)	0.251455553531
  (0, 484)	0.251455553531
  (0, 429)	0.230741005476
  (0, 272)	0.251455553531
  (0, 542)	0.230741005476
  (0, 517)	0.251455553531
  (0, 338)	0.230741005476
  (0, 228)	0.230741005476
  (0, 616)	0.251455553531
  (0, 301)	0.251455553531
  (0, 479)	0.251455553531
  (0, 565)	0.251455553531
  (0, 403)	0.251455553531
  (0, 322)	0.216043799736
  (0, 322)	0.534876213937
  (0, 57)	0.571263214032
  (0, 135)	0.622547810259
  (0, 335)	0.257181908885
  (0, 202)	0.257181908885
  (0, 105)	0.274677691833
  (0, 90)	0.299336612926
  (0, 221)	0.299336612926
  (0, 180)	0.299336612926
  (0, 528)	0.299336612926
  (0, 178)	0.299336612926
  (0, 355)	0.299336612926
  (0, 309)	0.299336612926
  (0, 164)	0.299336612926
  (0, 326)	0.274677691833
  (0, 73)	0.303456816208
  (0, 277)	0.23086523154
  (0, 59)	0.353196443431
  (0, 392)	0.353196443431
  (0, 102)	0.324100626706
  (0, 276)	0.287444232776
  (0, 311)	0.324100626706
  (0, 300)	0.287444232776
  (0, 539)	0.353196443431
  (0, 447)	0.324100626706
  (0, 314)	0.292333700072
  (0, 434)	0.386298349955
  (0, 202)	0.361692813048
  (0, 322)	0.361692813048
  (0, 52)	0.420977906443
  (0, 614)	0.386298349955
  (0, 579)	0.420977906443
  (0, 507)	0.229304701063
  (0, 589)	0.240239370731
  (0, 586)	0.295193577185
  (0, 537)	0.541751906875
  (0, 120)	0.295193577185
  (0, 521)	0.270875953438
  (0, 453)	0.295193577185
  (0, 167)	0.295193577185
  (0, 317)	0.295193577185
  (0, 573)	0.295193577185
  (0, 231)	0.188444524768
  (0, 237)	0.450775729833
  (0, 314)	0.18216692764
  (0, 611)	0.240720736426
  (0, 625)	0.225387864916
  (0, 63)	0.262331205065
  (0, 200)	0.262331205065
  (0, 46)	0.262331205065
  (0, 500)	0.262331205065
  (0, 115)	0.262331205065
  (0, 106)	0.262331205065
  (0, 546)	0.262331205065
  (0, 74)	0.262331205065
  (0, 113)	0.262331205065
  (0, 530)	0.726001860959
  (0, 62)	0.687692735081
  (0, 201)	0.4472135955
  (0, 198)	0.4472135955
  (0, 269)	0.4472135955
  (0, 422)	0.4472135955
  (0, 148)	0.4472135955
  (0, 353)	0.233257435907
  (0, 435)	0.22094908113
  (0, 627)	0.22094908113
  (0, 536)	0.271490677968
  (0, 514)	0.271490677968
  (0, 445)	0.249125665082
  (0, 568)	0.271490677968
  (0, 110)	0.542981355936
  (0, 31)	0.271490677968
  (0, 408)	0.22094908113
  (0, 133)	0.271490677968
  (0, 436)	0.271490677968
  (0, 231)	0.210367871339
  (0, 385)	0.203359948204
  (0, 340)	0.268725817169
  (0, 262)	0.218312799321
  (0, 234)	0.251609142938
  (0, 635)	0.268725817169
  (0, 323)	0.268725817169
  (0, 549)	0.292850414536
  (0, 362)	0.268725817169
  (0, 620)	0.292850414536
  (0, 308)	0.292850414536
  (0, 25)	0.292850414536
  (0, 310)	0.292850414536
  (0, 39)	0.292850414536
  (0, 276)	0.373535935236
  (0, 311)	0.421171193932
  (0, 300)	0.373535935236
  (0, 388)	0.458981425875
  (0, 448)	0.421171193932
  (0, 169)	0.39434440744
  (0, 102)	0.579849425546
  (0, 461)	0.514267358708
  (0, 312)	0.631904840512
  (0, 325)	0.579849425546
  (0, 62)	0.514267358708
  (0, 155)	0.631904840512
  (0, 231)	0.197308115283
  (0, 277)	0.179536845342
  (0, 62)	0.447073216007
  (0, 461)	0.223536608003
  (0, 253)	0.274670095695
  (0, 270)	0.274670095695
  (0, 454)	0.274670095695
  (0, 534)	0.274670095695
  (0, 632)	0.274670095695
  (0, 156)	0.274670095695
  (0, 552)	0.274670095695
  (0, 562)	0.274670095695
  (0, 283)	0.274670095695
  (0, 231)	0.252459784384
  (0, 242)	0.301952905502
  (0, 521)	0.322494406722
  (0, 411)	0.35144602662
  (0, 51)	0.35144602662
  (0, 594)	0.35144602662
  (0, 590)	0.35144602662
  (0, 598)	0.35144602662
  (0, 41)	0.35144602662
  (0, 589)	0.257606276496
  (0, 326)	0.290457577977
  (0, 530)	0.271956684417
  (0, 214)	0.316533122913
  (0, 369)	0.271956684417
  (0, 142)	0.316533122913
  (0, 522)	0.316533122913
  (0, 66)	0.316533122913
  (0, 506)	0.316533122913
  (0, 351)	0.316533122913
  (0, 634)	0.316533122913
  (0, 217)	0.347750970783
  (0, 93)	0.310337119825
  (0, 353)	0.215129194533
  (0, 435)	0.203777417304
  (0, 408)	0.203777417304
  (0, 362)	0.229764180756
  (0, 0)	0.250391035326
  (0, 446)	0.250391035326
  (0, 89)	0.250391035326
  (0, 558)	0.250391035326
  (0, 488)	0.215129194533
  (0, 379)	0.250391035326
  (0, 98)	0.250391035326
  (0, 2)	0.250391035326
  (0, 159)	0.250391035326
  (0, 553)	0.229764180756
  (0, 462)	1.0
  (0, 242)	0.332008048413
  (0, 314)	0.268341359698
  (0, 263)	0.386427510033
  (0, 337)	0.332008048413
  (0, 600)	0.386427510033
  (0, 188)	0.386427510033
  (0, 329)	0.332008048413
  (0, 279)	0.386427510033
  (0, 97)	0.707106781187
  (0, 96)	0.707106781187
  (0, 162)	0.406086224602
  (0, 226)	0.406086224602
  (0, 255)	0.47264784508
  (0, 278)	0.47264784508
  (0, 376)	0.47264784508
  (0, 190)	0.509590183462
  (0, 234)	0.477131489118
  (0, 62)	0.451954569802
  (0, 199)	0.555338143698
  (0, 68)	0.322294104342
  (0, 625)	0.301765361518
  (0, 264)	0.351227742289
  (0, 567)	0.351227742289
  (0, 101)	0.322294104342
  (0, 140)	0.322294104342
  (0, 341)	0.351227742289
  (0, 69)	0.351227742289
  (0, 80)	0.322294104342
  (0, 231)	0.179203079606
  (0, 170)	0.173233340028
  (0, 195)	0.214334693717
  (0, 277)	0.16306250527
  (0, 589)	0.203024840116
  (0, 338)	0.228915630984
  (0, 300)	0.203024840116
  (0, 162)	0.214334693717
  (0, 511)	0.249466307829
  (0, 266)	0.249466307829
  (0, 295)	0.249466307829
  (0, 531)	0.249466307829
  (0, 596)	0.498932615657
  (0, 515)	0.249466307829
  (0, 267)	0.249466307829
  (0, 516)	0.249466307829
  (0, 209)	0.408563536106
  (0, 541)	0.475531212881
  (0, 547)	0.436357633207
  (0, 456)	0.475531212881
  (0, 119)	0.436357633207
  (0, 543)	0.220764862683
  (0, 314)	0.167065194976
  (0, 329)	0.413406188327
  (0, 240)	0.481167624554
  (0, 578)	0.240583812277
  (0, 451)	0.240583812277
  (0, 247)	0.240583812277
  (0, 182)	0.240583812277
  (0, 485)	0.240583812277
  (0, 227)	0.240583812277
  (0, 54)	0.240583812277
  (0, 603)	0.240583812277
  (0, 460)	0.240583812277
  (0, 175)	0.319198926332
  (0, 554)	0.298867332983
  (0, 553)	0.319198926332
  (0, 224)	0.347854697701
  (0, 443)	0.347854697701
  (0, 359)	0.347854697701
  (0, 256)	0.347854697701
  (0, 141)	0.347854697701
  (0, 404)	0.319198926332
  (0, 170)	0.13155102481
  (0, 277)	0.371482296761
  (0, 57)	0.173835393616
  (0, 447)	0.173835393616
  (0, 162)	0.16276282964
  (0, 140)	0.173835393616
  (0, 617)	0.189441296031
  (0, 371)	0.189441296031
  (0, 428)	0.189441296031
  (0, 185)	0.189441296031
  (0, 44)	0.189441296031
  (0, 544)	0.189441296031
  (0, 315)	0.189441296031
  (0, 481)	0.189441296031
  (0, 79)	0.189441296031
  (0, 464)	0.189441296031
  (0, 249)	0.189441296031
  (0, 108)	0.189441296031
  (0, 495)	0.441470781676
  (0, 230)	0.173835393616
  (0, 383)	0.189441296031
  (0, 186)	0.189441296031
  (0, 435)	0.179263302878
  (0, 488)	0.189249478513
  (0, 43)	0.220269373307
  (0, 501)	0.440538746614
  (0, 372)	0.202123898076
  (0, 288)	0.220269373307
  (0, 161)	0.220269373307
  (0, 160)	0.220269373307
  (0, 433)	0.220269373307
  (0, 606)	0.220269373307
  (0, 407)	0.220269373307
  (0, 274)	0.220269373307
  (0, 260)	0.220269373307
  (0, 138)	0.220269373307
  (0, 281)	0.220269373307
  (0, 187)	0.404247796152
  (0, 300)	0.342010691014
  (0, 336)	0.420244854158
  (0, 473)	0.420244854158
  (0, 629)	0.420244854158
  (0, 205)	0.420244854158
  (0, 330)	0.420244854158
  (0, 217)	0.184340552958
  (0, 170)	0.184340552958
  (0, 93)	0.164507711203
  (0, 349)	0.243593028857
  (0, 134)	0.265461354739
  (0, 626)	0.265461354739
  (0, 497)	0.265461354739
  (0, 117)	0.265461354739
  (0, 395)	0.265461354739
  (0, 5)	0.265461354739
  (0, 520)	0.265461354739
  (0, 339)	0.265461354739
  (0, 504)	0.265461354739
  (0, 193)	0.265461354739
  (0, 92)	0.265461354739
  (0, 18)	0.265461354739
  (0, 93)	0.340512428317
  (0, 276)	0.447183006927
  (0, 495)	0.426829147161
  (0, 305)	0.447183006927
  (0, 344)	0.549475096731
  (0, 530)	0.651678569863
  (0, 426)	0.758495248226
  (0, 628)	0.5
  (0, 465)	0.5
  (0, 382)	0.5
  (0, 468)	0.5
  (0, 195)	0.298176027237
  (0, 235)	0.318460591868
  (0, 262)	0.258717320191
  (0, 595)	0.282442096547
  (0, 101)	0.318460591868
  (0, 402)	0.347050079983
  (0, 88)	0.347050079983
  (0, 360)	0.347050079983
  (0, 393)	0.282442096547
  (0, 296)	0.347050079983
  (0, 244)	0.776201518395
  (0, 236)	0.281961416808
  (0, 290)	0.281961416808
  (0, 229)	0.281961416808
  (0, 482)	0.281961416808
  (0, 463)	0.281961416808
  (0, 394)	0.57735026919
  (0, 112)	0.57735026919
  (0, 284)	0.57735026919
  (0, 385)	0.317961777646
  (0, 448)	0.420164045484
  (0, 495)	0.355681593823
  (0, 555)	0.45788386166
  (0, 213)	0.45788386166
  (0, 128)	0.420164045484
  (0, 385)	0.15916778028
  (0, 303)	0.196931938336
  (0, 604)	0.21032898661
  (0, 55)	0.178049859308
  (0, 151)	0.21032898661
  (0, 323)	0.21032898661
  (0, 171)	0.21032898661
  (0, 111)	0.21032898661
  (0, 245)	0.229211065638
  (0, 173)	0.229211065638
  (0, 452)	0.458422131276
  (0, 618)	0.229211065638
  (0, 150)	0.458422131276
  (0, 474)	0.229211065638
  (0, 375)	0.229211065638
  (0, 582)	0.25986912903
  (0, 149)	0.243316587591
  (0, 418)	0.230477438983
  (0, 93)	0.175499585639
  (0, 409)	0.283198625883
  (0, 47)	0.283198625883
  (0, 211)	0.283198625883
  (0, 432)	0.283198625883
  (0, 441)	0.283198625883
  (0, 352)	0.283198625883
  (0, 71)	0.25986912903
  (0, 15)	0.283198625883
  (0, 82)	0.283198625883
  (0, 7)	0.283198625883
  (0, 467)	0.227067102219
  (0, 551)	0.256023888261
  (0, 570)	0.216731977932
  (0, 209)	0.239716272056
  (0, 492)	0.558016364772
  (0, 158)	0.279008182386
  (0, 154)	0.279008182386
  (0, 157)	0.279008182386
  (0, 581)	0.279008182386
  (0, 220)	0.279008182386
  (0, 449)	0.279008182386
  (0, 37)	0.22752581214
  (0, 566)	0.184841923598
  (0, 118)	0.213033400333
  (0, 571)	0.22752581214
  (0, 570)	0.192607493115
  (0, 71)	0.22752581214
  (0, 132)	0.247951719358
  (0, 559)	0.247951719358
  (0, 194)	0.247951719358
  (0, 556)	0.247951719358
  (0, 45)	0.247951719358
  (0, 9)	0.22752581214
  (0, 165)	0.247951719358
  (0, 21)	0.247951719358
  (0, 16)	0.247951719358
  (0, 477)	0.247951719358
  (0, 328)	0.247951719358
  (0, 26)	0.247951719358
  (0, 512)	0.354930595737
  (0, 372)	0.354930595737
  (0, 251)	0.386794142774
  (0, 166)	0.386794142774
  (0, 75)	0.386794142774
  (0, 129)	0.386794142774
  (0, 294)	0.386794142774
  (0, 230)	0.478079705674
  (0, 187)	0.478079705674
  (0, 405)	0.52099884359
  (0, 357)	0.52099884359
  (0, 337)	0.358668770333
  (0, 585)	0.417458192682
  (0, 331)	0.417458192682
  (0, 455)	0.417458192682
  (0, 356)	0.417458192682
  (0, 252)	0.417458192682
  (0, 119)	0.67610680366
  (0, 208)	0.736803630586
  (0, 277)	0.281148281087
  (0, 262)	0.320646553971
  (0, 258)	0.369550502222
  (0, 72)	0.394690588487
  (0, 588)	0.43012354998
  (0, 491)	0.394690588487
  (0, 621)	0.43012354998
  (0, 298)	0.57735026919
  (0, 633)	0.57735026919
  (0, 401)	0.57735026919
  (0, 93)	1.0
  (0, 217)	0.421961738612
  (0, 93)	0.376563695401
  (0, 587)	0.55759265295
  (0, 334)	0.607649987928
  (0, 557)	0.384887929547
  (0, 537)	0.384887929547
  (0, 136)	0.419440866922
  (0, 225)	0.419440866922
  (0, 163)	0.419440866922
  (0, 440)	0.419440866922
  (0, 314)	0.333937018827
  (0, 399)	0.480889158639
  (0, 363)	0.441274199074
  (0, 478)	0.480889158639
  (0, 391)	0.480889158639
  (0, 329)	0.651678569863
  (0, 389)	0.758495248226
  (0, 507)	0.332881472511
  (0, 363)	0.39323043021
  (0, 324)	0.428532307422
  (0, 289)	0.428532307422
  (0, 525)	0.428532307422
  (0, 176)	0.428532307422
  (0, 93)	0.407550346242
  (0, 276)	0.535221548909
  (0, 495)	0.510860550881
  (0, 305)	0.535221548909
  (0, 93)	0.526758487507
  (0, 50)	0.85001499742
  (0, 385)	0.321924139367
  (0, 262)	0.345594895431
  (0, 595)	0.377286479116
  (0, 258)	0.796607763847
  (0, 337)	0.683476456597
  (0, 404)	0.729972556523
  (0, 374)	0.560102595977
  (0, 635)	0.560102595977
  (0, 509)	0.610385258635
  (0, 170)	0.342580689184
  (0, 370)	0.452696199328
  (0, 93)	0.305723098773
  (0, 488)	0.423861406113
  (0, 305)	0.401495402891
  (0, 572)	0.493336557792
  (0, 55)	0.241465936738
  (0, 277)	0.203185181199
  (0, 228)	0.285241931515
  (0, 169)	0.267073252114
  (0, 369)	0.267073252114
  (0, 427)	0.310849246892
  (0, 630)	0.310849246892
  (0, 545)	0.310849246892
  (0, 386)	0.310849246892
  (0, 286)	0.310849246892
  (0, 575)	0.310849246892
  (0, 364)	0.310849246892
  (0, 73)	0.433873969327
  (0, 467)	0.20548981531
  (0, 277)	0.165042287795
  (0, 103)	0.216936984663
  (0, 627)	0.20548981531
  (0, 335)	0.216936984663
  (0, 393)	0.20548981531
  (0, 171)	0.231694952724
  (0, 503)	0.252495140459
  (0, 439)	0.252495140459
  (0, 99)	0.252495140459
  (0, 77)	0.252495140459
  (0, 125)	0.252495140459
  (0, 197)	0.252495140459
  (0, 239)	0.252495140459
  (0, 378)	0.252495140459
  (0, 507)	0.418036475092
  (0, 277)	0.351763143436
  (0, 554)	0.462368988411
  (0, 429)	0.493823407185
  (0, 72)	0.493823407185
  (0, 217)	0.285218857896
  (0, 570)	0.319054380422
  (0, 128)	0.376896588228
  (0, 183)	0.410732110754
  (0, 293)	0.410732110754
  (0, 172)	0.410732110754
  (0, 601)	0.410732110754
  (0, 542)	0.319198926332
  (0, 105)	0.319198926332
  (0, 625)	0.298867332983
  (0, 491)	0.319198926332
  (0, 168)	0.347854697701
  (0, 502)	0.347854697701
  (0, 122)	0.347854697701
  (0, 631)	0.347854697701
  (0, 319)	0.347854697701
  (0, 385)	0.170107613466
  (0, 343)	0.224785203965
  (0, 169)	0.210467357065
  (0, 547)	0.224785203965
  (0, 495)	0.38057497053
  (0, 393)	0.199361572206
  (0, 60)	0.244965075764
  (0, 377)	0.244965075764
  (0, 499)	0.244965075764
  (0, 304)	0.244965075764
  (0, 49)	0.224785203965
  (0, 104)	0.244965075764
  (0, 342)	0.244965075764
  (0, 250)	0.224785203965
  (0, 513)	0.244965075764
  (0, 280)	0.244965075764
  (0, 472)	0.244965075764
  (0, 314)	0.113533514528
  (0, 507)	0.127001999104
  (0, 461)	0.133058241741
  (0, 393)	0.133058241741
  (0, 486)	0.817475050695
  (0, 410)	0.163495010139
  (0, 560)	0.163495010139
  (0, 416)	0.163495010139
  (0, 423)	0.163495010139
  (0, 518)	0.163495010139
  (0, 273)	0.163495010139
  (0, 76)	0.163495010139
  (0, 490)	0.163495010139
  (0, 327)	0.163495010139
  (0, 487)	0.163495010139
  (0, 149)	0.247742478268
  (0, 418)	0.234669787556
  (0, 93)	0.178691895657
  (0, 103)	0.247742478268
  (0, 408)	0.234669787556
  (0, 9)	0.264596107848
  (0, 470)	0.2883499646
  (0, 437)	0.2883499646
  (0, 1)	0.2883499646
  (0, 20)	0.2883499646
  (0, 32)	0.2883499646
  (0, 11)	0.2883499646
  (0, 243)	0.2883499646
  (0, 29)	0.2883499646
  (0, 237)	0.239024222366
  (0, 55)	0.432212565652
  (0, 207)	0.239024222366
  (0, 614)	0.255284759244
  (0, 305)	0.226411570092
  (0, 111)	0.255284759244
  (0, 49)	0.255284759244
  (0, 250)	0.255284759244
  (0, 406)	0.278202698784
  (0, 91)	0.278202698784
  (0, 313)	0.278202698784
  (0, 30)	0.278202698784
  (0, 475)	0.278202698784
  (0, 217)	0.195299398616
  (0, 533)	0.241636146823
  (0, 445)	0.258074369852
  (0, 226)	0.241636146823
  (0, 587)	0.258074369852
  (0, 126)	0.281242743955
  (0, 480)	0.281242743955
  (0, 396)	0.281242743955
  (0, 350)	0.281242743955
  (0, 35)	0.281242743955
  (0, 583)	0.281242743955
  (0, 577)	0.281242743955
  (0, 84)	0.281242743955
  (0, 210)	0.281242743955
  (0, 593)	0.468148056102
  (0, 532)	0.510175589893
  (0, 361)	0.510175589893
  (0, 42)	0.510175589893
  (0, 398)	0.445503079379
  (0, 207)	0.417126456846
  (0, 461)	0.395115838414
  (0, 320)	0.485497682537
  (0, 321)	0.485497682537
  (0, 385)	0.169638143721
  (0, 262)	0.182111464693
  (0, 627)	0.198811366224
  (0, 369)	0.209886500897
  (0, 226)	0.209886500897
  (0, 80)	0.224164832835
  (0, 258)	0.209886500897
  (0, 608)	0.244289011423
  (0, 261)	0.244289011423
  (0, 450)	0.244289011423
  (0, 215)	0.244289011423
  (0, 246)	0.244289011423
  (0, 65)	0.244289011423
  (0, 216)	0.244289011423
  (0, 476)	0.244289011423
  (0, 78)	0.244289011423
  (0, 107)	0.244289011423
  (0, 419)	0.244289011423
  (0, 248)	0.244289011423
  (0, 533)	0.36414852568
  (0, 457)	0.38892112183
  (0, 170)	0.294318499145
  (0, 61)	0.38892112183
  (0, 408)	0.344933407291
  (0, 380)	0.423836135098
  (0, 184)	0.423836135098
